Overall Accuracy: 0.9348

              precision    recall  f1-score   support

           1     0.9235    0.9496    0.9364       496
           2     0.8825    0.9406    0.9106       471
           3     0.9282    0.8310    0.8769       420
           4     0.9397    0.9206    0.9300       491
           5     0.9298    0.9455    0.9376       532
           6     1.0000    1.0000    1.0000       537

    accuracy                         0.9348      2947
   macro avg     0.9339    0.9312    0.9319      2947
weighted avg     0.9354    0.9348    0.9345      2947
